?00111100?  #60             0
01100110  #102
?01101110?  #110
?01110110?  #118
?01100110?  #102
?01100110? #102
?00111100?  #60

?00011000? #24                 1
?00011000? #24
00111000 #56
?00011000? #24
?00011000? #24
?00011000? #24
01111110  #126
[
[
[1, 2, 3, 4, 5, 6, 7, 8], 
[[]], 
[1, 2, 3, 4, 5, 6, 7, 8],
[[]], 
[1, 2, 3, 4, 5, 6, 7, 8], 
[[]], 
[1, 2, 3, 4, 5, 6, 7, 8], 
[[]], 
[1, 2, 3, 4, 5, 6, 7, 8], 
[[]], 
[1, 2, 3, 4, 5, 6, 7, 8], 
[[]], 
[1, 2, 3, 4, 5, 6, 7, 8],
 [[]], 
[1, 2, 3, 4, 5, 6, 7, 8], 
[[]]
]
]


[
[1, 2, 3, 4, 5, 6, 7, 8],
[[]], 
 [1, 2, 3, 4, 5, 6, 7, 8], 
[[]]
]
