\xC0 #…Ë÷√µÿ÷∑Œ™0
\xf0\x00#
1111 0000   00H
0000 0000	  01H
\x0f\x00#
0000 1111	   00H 
0000 0000    03H
\x0f\x00#
0000 1111    04H
0000 0000    05H
\xf0\x00#
1111 0000    06H 
0000 0000    07H
\xf0\x00# 
1111 0000    08H 
0000 0000    09H
\xf0\x00#
1111 0000     0AH 
0000 0000     0BH
\xf0\x00#
1111 0000      0CH 
0000 0000      0DH
\xf0\x00#
1111 0000      0EH
0000 0000      0FH



\x01\x00\x01\x00\x01\x00\x01\x00\x01\x00\x01\x00\x01\x00\x01\x00 #8.

\x03\x00\x03\x00\x03\x00\x03\x00\x03\x00\x03\x00\x03\x00\x03\x00
\x06\x00\x02\x00\x05\x00\x04\x00\x04\x00\x05\x00\x06\x00\x03\x00

0b11101101
0b10011111
0b11111011
0b11011010
0b10001010
0b11100010
0b11101000
0b00000000
    8543
0b11101101
0b10011111
0b11111011
0b11011010
0b10001010
0b11100010
0b11111000
0b00000000

[1, 1, 1, 1, 1, 1, 0, 0]
[0, 1, 1, 0, 0, 0, 0, 0]
[1, 1, 0, 1, 1, 0, 1, 0]
[1, 1, 1, 1, 0, 0, 0, 0]
[0, 1, 1, 0, 0, 1, 1, 0]
[1, 0, 1, 1, 0, 1, 1, 0]
[1, 0, 1, 1, 1, 1, 1, 0]
[1, 1, 1, 0, 0, 0, 0, 0]
[1024, 1024, 1024, 1024, 1024, 1024, 0, 0]

[0, 1, 1, 0, 0, 0, 0, 0]
[1, 1, 0, 1, 1, 0, 1, 0]
[1, 1, 1, 1, 0, 0, 0, 0]
[0, 1, 1, 0, 0, 1, 1, 0]
[1, 0, 1, 1, 0, 1, 1, 0]
[1, 0, 1, 1, 1, 1, 1, 0]
[1, 1, 1, 0, 0, 0, 0, 0]
[4367, 4367, 4370, 4364, 4358, 4361, 12, 0]



